@tasks 10
T0 3 T1(374) T3(39) T8(45) 
T1 3 T2(51) T4(93) T8(184) 
T2 2 T6(105) T8(71) 
T3 2 T5(124) T9(92) 
T4 1 T7(65) 
T5 1 T9(19) 
T6 1 T8(30) 
T7 0 
T8 0 
T9 0 
@proc 4
1896 0 1
325 0 1
33 0 0
1811 0 0
@times
245 611 51 19 
730 104 54 46 
550 827 47 58 
535 254 35 55 
616 489 53 90 
399 0 23 8 
304 379 1 11 
25 109 31 44 
628 982 79 53 
281 521 81 4 
@cost
39 49 227 92 
1 74 474 415 
50 16 228 326 
34 68 375 274 
59 38 442 229 
40 81 62 254 
80 97 87 444 
57 84 313 419 
51 2 18 26 
17 16 314 255 
@comm 2
CHAN0 61 17 1 1 1 1 
CHAN1 23 16 1 1 1 1 
